   5.9618868e-02
   6.8197190e-01
   4.2431138e-02
   7.1445465e-02
   5.2164984e-01
   9.6730026e-02
   8.1814855e-01
   8.1754709e-01
   7.2243959e-01
   1.4986544e-01
   6.5960525e-01
   5.1859494e-01
   9.7297455e-01
   6.4899149e-01
   8.0033058e-01
   4.5379771e-01
   4.3239150e-01
   8.2531380e-01
   8.3469815e-02
   1.3317101e-01
   1.7338861e-01
   3.9093780e-01
   8.3137974e-01
   8.0336439e-01
   6.0471179e-02
   3.9925777e-01
   5.2687583e-01
   4.1679947e-01
   6.5685989e-01
   6.2797336e-01
   2.9198408e-01
   4.3165117e-01
   1.5487126e-02
   9.8406372e-01
   1.6716841e-01
   1.0621634e-01
   3.7240974e-01
   1.9811840e-01
   4.8968764e-01
   3.3949341e-01
   9.5163046e-01
   9.2033204e-01
   5.2676998e-02
   7.3785810e-01
   2.6911943e-01
   4.2283562e-01
   5.4787090e-01
   9.4273698e-01
   4.1774410e-01
   9.8305247e-01
   3.0145495e-01
   7.0109876e-01
   6.6633885e-01
   5.3912647e-01
   6.9810552e-01
   6.6652791e-01
   1.7813245e-01
   1.2801440e-01
   9.9908039e-01
   1.7112107e-01
   3.2600821e-02
   5.6119979e-01
   8.8186650e-01
   6.6917530e-01
   1.9043327e-01
   3.6891655e-01
   4.6072594e-01
   9.8163795e-01
   1.5640495e-01
   8.5552281e-01
   6.4476454e-01
   3.7627221e-01
   1.9092370e-01
   4.2825299e-01
   4.8202206e-01
   1.2061161e-01
   5.8950748e-01
   2.2618768e-01
   3.8461912e-01
   5.8298638e-01
   2.5180612e-01
   2.9044066e-01
   6.1709088e-01
   2.6528091e-01
   8.2437627e-01
   9.8266340e-01
   7.3024879e-01
   3.4387700e-01
   5.8406933e-01
   1.0776902e-01
   9.0630815e-01
   8.7965372e-01
   8.1776056e-01
   2.6072800e-01
   5.9435625e-01
   2.2512593e-02
   4.2525932e-01
   3.1271889e-01
   1.6148474e-01
   1.7876619e-01
